For non-accelerating x-vel:
Brain:                [[[-0.9491229388969495, -0.2523836160084029, 1.020751996473864, -5.002380012515081],
                      [0.42879452380675026, -1.3013837450653902e+52, 0.9880969231730057, 2.0010268927744645],
                      [-0.5401343522486217, 0.6308728937637514, 1.042893283584787, 1.1871104022997254],
                      [-0.29136090837800555, 1.289528264389461, 0.4418168555025806, -0.5846124325541142],
                      [-0.5358372945446043, 0.8554145976579023, 1.6011790308729997e+52, -1.133716645022969],
                      [2.2825093188676817, 1.9708615222003702e+83, -2.0811111794881456, -3.000943563699807],
                      [1.542260650777349, 0.040419290917479464, 1.1491155147395817, -1.481501327618949e+17],
                      [-1.1343222538066968, -0.7103499807897188, -0.6776266380045163, 1.1867198202257199]], [
                         [-2.0610447774577433e+48, 1.2244652151650148, 0.086585557577978, -0.4238005346610134,
                          0.30525888310506266, 0.8917449044242302, -6.815561230158339e+62, -15533525.399076123],
                         [0.034426971735728666, -0.6567416056080466, 0.9258665432249534, -31249.414532769057,
                          0.20431100411643915, 0.5562715136213572, 0.22965141722044186, 0.29586000868041734],
                         [-0.528189968902892, 0.1782746656640063, -0.0887346027756106, 0.6350633419522881,
                          -0.5388625002622843, -0.16184003313432638, 0.5039335317266701, 6.867103113414447],
                         [0.7421607297502893, 0.07422484345237428, -0.9236330262116308, 0.44450817220177785,
                          1.0013366525510323, -0.24333578059794767, -0.35293336424521893, -0.38654773311046725],
                         [0.2391832097100674, -0.908098421624017, -0.2451492254204699, 0.1995269403149718,
                          0.893886726024845, 0.2902162781103369, 0.46578634040244404, 0.17482311054906854],
                         [-1.182502428600508, -0.7151640552477989, -0.0612265253888285, -0.6057007978547563,
                          0.37131353402092526, 1.4440771317360586, 17793985428.35571, 0.3735465221451649],
                         [0.7000116327019297, 0.13265114896357824, -0.06558516289586515, -1.4433446845404556,
                          0.053638692511924525, -0.5066888449588444, 0.4335134184246307, 0.0945032872243265],
                         [-0.581202366264718, 0.620024940545727, 0.0499609285917147, 0.30116875871833854,
                          -0.46214932836128153, 0.18491216456710277, 1.1142122996121393, 0.5899849088150306]], [
                         [-0.8185708182953493, 0.5011077771095722, -729854.54487621, 0.6348540255986338,
                          0.13193422699821003, 0.9289951866299475, 0.47828635891010074, -0.35388158385969526],
                         [0.7002408871401389, -0.4768932075680249, 1.2736839497287806, 0.8295210548597691,
                          0.48854911018022845, -0.05033328948961885, 0.14834961113551184, 1.1287810201036426],
                         [0.5048963415603841, 0.06588863122792725, 1.042670577726711, 0.46974434235925244,
                          -1.0109090915886678, 2.240790942543447e+75, -0.6258359932388738, 0.8677255367450554],
                         [0.23773665212157832, 0.4966392977196366, 0.0822286769999719, 0.459457936509534,
                          -0.09894539149762137, 0.05166147038058789, 0.6483250680735484, -0.28135695539556677],
                         [0.3738380065467279, -1.2067342320026266, 0.27705628566553153, 0.23875005150248924,
                          1.3820330986777847, -1.1005971180583354, -1.0342591494030278, 0.5584333342797599],
                         [-7.012752890477821e+98, 0.0908445939868659, 1.7652526981923276, -2.483284760861591,
                          -1.6061362539864368, 0.525628192667405, -0.44914669128342816, 0.12328891571305327],
                         [-0.34993916149589444, 0.5507163804011108, 0.6776717997641128, 0.2264604451573203,
                          -0.12447749572806173, 0.22519360937567065, -0.8475098859077184, 2.094996593739226e+49],
                         [0.8399644712047375, 0.43987806905951027, -0.4280153549201481, -0.43489101314000533,
                          -0.2284904166654206, 0.740930170509474, -0.5641903458826852, 174558.57454364005]], [
                         [-1.7499989560772558, 0.711951647114343, 0.2772949083470559, 0.3526986743945521,
                          -0.07755322450520614, -0.03307684953097534, 0.47337906985041195, -0.025515270903123815]]],
Constants:              [[-2.020372374920513, 0.4709039977254469, -1.2779133787525367, -2.293756202906299,
                         -0.9362759922961078, -4.817485788184368, -2.9313206084143903, -3.623211475174392],
                        [-4.4888706056063095, -2.14303531813169, 0.7800331363314156, -2.763861994707726,
                         -1.8816265628539752, -2.80685375413017, -5.449781715424464, -0.4462706236098942],
                        [-1.0054272185672546, -3.8078300287949376, -6.133768961234348, -2.3952146522883178,
                         0.06507191913475921, -1.520671417986696, -0.9528994326700817, -1.8028521323792661],
                        [0.32141703274380234]]
Score: 63.69

For accelerating x-vel:
Brain: [[[0.12230928503327927, 0.26421152714355894, 0.49455484121995563, -0.2911784674623097,
                       0.7283539202370846],
                      [0.3292820496043161, 0.25840129542686563, -0.1192085170029178, 0.5773438360966744,
                       -0.3745894787176978],
                      [-0.3166004068237835, 0.5126085383660441, -0.1348268067257569, -0.17482997126935812,
                       0.2598374340648293],
                      [0.11852988683303498, 0.6099107335991838, -0.18474390747592753, -0.3341472808942264,
                       0.5235709766665486],
                      [0.6253658820618124, 0.1584275115634625, -0.19549597007701053, 0.2992329536648766,
                       -0.12442419946022437],
                      [-0.0353355880737454, -0.5480009875996468, 0.19372553844283402, -0.4134441908769714,
                       0.1428000974387965],
                      [-0.6027444977059265, -0.052612557118786187, -0.1298111029704059, 0.5794391440637042,
                       0.1991408009683357],
                      [-0.3672032996592712, -0.11952457061371409, -0.09559791104478371, 0.381911929588291,
                       -0.38720233092166323],
                      [-0.48538293061740806, -0.10237803597767672, -0.3937760162506274, -0.3388993779068552,
                       -0.5068146549049087],
                      [-0.5459802926731919, 0.49505146786634446, 0.37991682344818595, -0.00983340492198356,
                       -0.1625333918518857]], [
                         [-1.1177448882121566, 0.029546548614152953, 0.38641347169518137, 0.018452779500255912,
                          -0.10529370706536845, 0.4863334133297102, 0.6910891267051966, -0.5421984078713108,
                          0.1326154223247382, 0.27433668498323877],
                         [-0.5371021562822953, 1.0267793492580521, -0.6807924100470178, 0.4202946761270856,
                          -0.039645572772921245, -0.17665256730279494, 0.3215740819823891, -1.0765667549206537,
                          -0.9545326750096524, -0.1586441593237134],
                         [-0.08002441212134395, 0.8270897550789789, 1.1397072663408987, 0.32196875883947584,
                          -0.5986830563766278, -0.7270356752190444, 1.244761785712079, 0.19171020332739658,
                          0.2076131393181, 0.568478026787685],
                         [-0.15467911484483426, -1.0314689155742083, -0.30199257685471037, -0.4198491227789931,
                          0.4867351703487707, -0.479344251817354, 0.045119825187526365, -1.0281791047994258,
                          -0.056911005158299284, -0.2675781215458195],
                         [-0.2638401154365803, -0.9875141778205265, 0.46703181681162276, 0.34763116365885427,
                          1.2439143628786755, 0.32008776986454185, -0.6643473466535449, -0.22085269610544978,
                          0.4914650453553468, -0.2560719325546563],
                         [-0.38597395272291307, -0.20123437209509795, -0.8847813015057574, 0.33349744885998306,
                          0.1881548884503048, -0.39034104321007357, 0.5727489836756244, -0.25210330622005406,
                          -0.1681864345659043, 0.777079565653429],
                         [-1.237728991026512, -0.8029159351772054, 0.46417618167987407, 0.6282932073294833,
                          0.9871756264710159, -1.2455254514272676, 0.45248187187542127, -0.3572947121492887,
                          0.8066020768862969, 0.5094643440104637],
                         [0.4659057834690877, 0.23090422219565312, -0.6726153376831945, 0.13406253077457164,
                          -0.4882270948776501, -0.7963594961539614, 0.7697665556507167, -0.8211930742031516,
                          0.44524702775169994, 0.1646156925434964],
                         [-0.4577031677534855, 0.16711699619326403, -0.17850224818382007, 0.22912253396439222,
                          0.677429641860416, 0.17708977751722707, -0.15475181384979267, -0.48913117238240844,
                          -0.9575871666113556, -0.6576668196554726],
                         [-0.6485960483741853, -0.060240587402944204, -0.8381689081820196, 0.6143093936146397,
                          -1.1258002355211914, -1.01496922748776, -0.3194793324195247, 0.9993061691983266,
                          0.3316664051844925, -0.19099010988660223]], [
                         [0.2481366829881762, 0.7530919283933809, 1.6659010304019684, -0.37958106168848044,
                          -0.04651147589137293, 0.1607562228561286, -1.6555385585455449, 0.40071655642973153,
                          -1.7770781114583043, -0.017691355902041336],
                         [0.2400344833023417, -1.2421623186802706, -0.9940243592103062, -0.47997208314839485,
                          -0.7973572070714994, -1.450905521581405, 0.18267967748094954, 1.1831541586548435,
                          -1.443238100187266, 1.4196711209964237],
                         [-0.11669350852100925, 1.1932663890881632, 0.4104282751749278, 0.783934194094688,
                          -0.8989715887006408, -1.023213680606141, 0.399778973158237, -1.255816770548252,
                          -0.8718019354808366, -1.3225108251559976],
                         [-0.22058399431192813, 0.41895218300452275, 1.219963284131941, 1.7701563045936561,
                          -0.9830798346656866, -1.446914025332665, 1.2177061680925625, 0.1484728553637434,
                          -0.5099851811528741, 1.1254771868867106],
                         [-0.2953527206240985, 0.5172344261827462, 0.8694817974263881, 0.8352755298205101,
                          0.6010503102319865, -0.7159006821973242, 0.8461949367282494, 0.657196995434814,
                          1.1570254603932146, -1.8624913197122535],
                         [-1.3778682024752233, 0.8546262943170876, 0.31922246010526995, 1.368669619095866,
                          0.10714274646874272, -0.9000325595027495, -1.4377077773908495, 0.5703620040737574,
                          1.0780118250838933, 0.32682708129138505],
                         [-0.9965896376524133, 0.7041699412640566, -0.5368921170592347, 1.341461990178787,
                          -0.5108984689667058, -0.9762382707153181, -0.3620557556124081, -0.07354720188921002,
                          0.8657049869687209, -0.9530997957635484],
                         [0.6166352269881951, -0.6119260820885306, 1.491823807675521, -1.1044389996821655,
                          0.32859419783560595, -1.0347369334212275, 1.0829883714124586, 0.6637196998003425,
                          1.095429469040496, 0.8223544265561467],
                         [-1.2884602769595543, 1.707717461326548, -0.5465473454805749, 1.4060354448596288,
                          -1.2709620573616782, 0.5731627977526221, 0.15514716108612298, -0.8176108966890566,
                          0.3941451638061759, -1.2650404911732969],
                         [0.9281201708948159, -1.3838115502077128, -0.3397611503312582, -0.19175069780342144,
                          -1.3916085452451779, 1.0235057057273136, 1.5924762605571543, -0.11387558366899803,
                          0.6355604636240668, -0.16008924274736977]], [
                         [0.0557882937492602, 0.5942051910302625, 0.8891545009762076, -1.367294900476931,
                          -0.005671638641362902, -0.9092018944474859, -0.8628359924848453, 0.5074765513880206,
                          -0.12004335504353386, -1.0131715197404993]]],
Constants:              [[-3.198798800046604, -1.50619993485625, -0.08993417734094032, -3.576311446663202,
                         -2.357011840193832, -6.544527283221437, -1.0987709077226535, -3.3479050964888306,
                         0.030714140514000288, -4.5806106693733],
                        [-3.5928833196381484, 1.014043489632765, 0.3018790199402224, -0.593983963198262,
                         -1.7297184143478108, -3.787745985641347, -3.8789562429866273, -1.5124454321281418,
                         -2.4284262522959823, -2.4410109870407326],
                        [-0.21937297103486664, -2.66168618130091, -0.1766949607779009, -3.174173295372134,
                         -3.00003740568212, -0.4817702757875589, -2.2462888750387444, -1.2268614327018779,
                         -0.44064578384714875, -3.919797023862656], [-2.446710614056073]]
Score: 33 (probably lower in reality)